Resultado do metodo de Runge-Kutta Terceira Ordem:
[
  0(0.00000, 10000.00000),  1(0.50000, 10382.11914),  2(1.00000, 10778.83979),  3(1.50000, 11190.71988),
  4(2.00000, 11618.33871),  5(2.50000, 12062.29767),  6(3.00000, 12523.22115),  7(3.50000, 13001.75740),
  8(4.00000, 13498.57944),  9(4.50000, 14014.38600),  10(5.00000, 14549.90251),  11(5.50000, 15105.88214),
  12(6.00000, 15683.10681),  13(6.50000, 16282.38834),  14(7.00000, 16904.56956),  15(7.50000, 17550.52552),
  16(8.00000, 18221.16469),  17(8.50000, 18917.43027),  18(9.00000, 19640.30149),  19(9.50000, 20390.79500),
  20(10.00000, 21169.96631),  21(10.50000, 21978.91124),  22(11.00000, 22818.76751),  23(11.50000, 23690.71629),
  24(12.00000, 24595.98391),  25(12.50000, 25535.84353),  26(13.00000, 26511.61699),  27(13.50000, 27524.67662),
  28(14.00000, 28576.44720),  29(14.50000, 29668.40794),  30(15.00000, 30802.09460),  31(15.50000, 31979.10159),
  32(16.00000, 33201.08427),  33(16.50000, 34469.76125),  34(17.00000, 35786.91680),  35(17.50000, 37154.40339),
  36(18.00000, 38574.14426),  37(18.50000, 40048.13615),  38(19.00000, 41578.45209),  39(19.50000, 43167.24432),
  40(20.00000, 44816.74735)
]

Resultado do metodo de Runge-Kutta Quarta Ordem:
[
  0(0.00000, 10000.00000),  1(0.50000, 10382.11996),  2(1.00000, 10778.84150),  3(1.50000, 11190.72255),
  4(2.00000, 11618.34240),  5(2.50000, 12062.30246),  6(3.00000, 12523.22712),  7(3.50000, 13001.76463),
  8(4.00000, 13498.58801),  9(4.50000, 14014.39601),  10(5.00000, 14549.91406),  11(5.50000, 15105.89532),
  12(6.00000, 15683.12174),  13(6.50000, 16282.40513),  14(7.00000, 16904.58834),  15(7.50000, 17550.54641),
  16(8.00000, 18221.18783),  17(8.50000, 18917.45579),  18(9.00000, 19640.32955),  19(9.50000, 20390.82575),
  20(10.00000, 21169.99991),  21(10.50000, 21978.94787),  22(11.00000, 22818.80735),  23(11.50000, 23690.75954),
  24(12.00000, 24596.03076),  25(12.50000, 25535.89420),  26(13.00000, 26511.67170),  27(13.50000, 27524.73560),
  28(14.00000, 28576.51070),  29(14.50000, 29668.47623),  30(15.00000, 30802.16794),  31(15.50000, 31979.18027),
  32(16.00000, 33201.16859),  33(16.50000, 34469.85153),  34(17.00000, 35787.01337),  35(17.50000, 37154.50660),
  36(18.00000, 38574.25448),  37(18.50000, 40048.25375),  38(19.00000, 41578.57748),  39(19.50000, 43167.37794),
  40(20.00000, 44816.88963)
]