Resultado do metodo de Euler Modificado:
[
  0(0.00000, 20.00000),  1(0.01000, 20.10025),  2(0.02000, 20.20050),  3(0.03000, 20.30075),
  4(0.04000, 20.40100),  5(0.05000, 20.50125),  6(0.06000, 20.60150),  7(0.07000, 20.70175),
  8(0.08000, 20.80200),  9(0.09000, 20.90225),  10(0.10000, 21.00250),  11(0.11000, 21.10275),
  12(0.12000, 21.20300),  13(0.13000, 21.30325),  14(0.14000, 21.40350),  15(0.15000, 21.50375),
  16(0.16000, 21.60400),  17(0.17000, 21.70425),  18(0.18000, 21.80450),  19(0.19000, 21.90475),
  20(0.20000, 22.00500),  21(0.21000, 22.10525),  22(0.22000, 22.20550),  23(0.23000, 22.30575),
  24(0.24000, 22.40600),  25(0.25000, 22.50625),  26(0.26000, 22.60650),  27(0.27000, 22.70675),
  28(0.28000, 22.80700),  29(0.29000, 22.90725),  30(0.30000, 23.00750),  31(0.31000, 23.10775),
  32(0.32000, 23.20800),  33(0.33000, 23.30825),  34(0.34000, 23.40850),  35(0.35000, 23.50875),
  36(0.36000, 23.60900),  37(0.37000, 23.70925),  38(0.38000, 23.80950),  39(0.39000, 23.90975),
  40(0.40000, 24.01000),  41(0.41000, 24.11025),  42(0.42000, 24.21050),  43(0.43000, 24.31075),
  44(0.44000, 24.41100),  45(0.45000, 24.51125),  46(0.46000, 24.61150),  47(0.47000, 24.71175),
  48(0.48000, 24.81200),  49(0.49000, 24.91225),  50(0.50000, 25.01250),  51(0.51000, 25.11275),
  52(0.52000, 25.21300),  53(0.53000, 25.31325),  54(0.54000, 25.41350),  55(0.55000, 25.51375),
  56(0.56000, 25.61400),  57(0.57000, 25.71425),  58(0.58000, 25.81450),  59(0.59000, 25.91475),
  60(0.60000, 26.01500),  61(0.61000, 26.11525),  62(0.62000, 26.21550),  63(0.63000, 26.31575),
  64(0.64000, 26.41600),  65(0.65000, 26.51625),  66(0.66000, 26.61650),  67(0.67000, 26.71675),
  68(0.68000, 26.81700),  69(0.69000, 26.91725),  70(0.70000, 27.01750),  71(0.71000, 27.11775),
  72(0.72000, 27.21800),  73(0.73000, 27.31825),  74(0.74000, 27.41850),  75(0.75000, 27.51875),
  76(0.76000, 27.61900),  77(0.77000, 27.71925),  78(0.78000, 27.81950),  79(0.79000, 27.91975),
  80(0.80000, 28.02000),  81(0.81000, 28.12025),  82(0.82000, 28.22050),  83(0.83000, 28.32075),
  84(0.84000, 28.42100),  85(0.85000, 28.52125),  86(0.86000, 28.62150),  87(0.87000, 28.72175),
  88(0.88000, 28.82200),  89(0.89000, 28.92225),  90(0.90000, 29.02250),  91(0.91000, 29.12275),
  92(0.92000, 29.22300),  93(0.93000, 29.32325),  94(0.94000, 29.42350),  95(0.95000, 29.52375),
  96(0.96000, 29.62400),  97(0.97000, 29.72425),  98(0.98000, 29.82450),  99(0.99000, 29.92475),
  100(1.00000, 30.02500),  101(1.01000, 30.12525),  102(1.02000, 30.22550),  103(1.03000, 30.32575),
  104(1.04000, 30.42600),  105(1.05000, 30.52625),  106(1.06000, 30.62650),  107(1.07000, 30.72675),
  108(1.08000, 30.82700),  109(1.09000, 30.92725),  110(1.10000, 31.02750),  111(1.11000, 31.12775),
  112(1.12000, 31.22800),  113(1.13000, 31.32825),  114(1.14000, 31.42850),  115(1.15000, 31.52875),
  116(1.16000, 31.62900),  117(1.17000, 31.72925),  118(1.18000, 31.82950),  119(1.19000, 31.92975),
  120(1.20000, 32.03000),  121(1.21000, 32.13025),  122(1.22000, 32.23050),  123(1.23000, 32.33075),
  124(1.24000, 32.43100),  125(1.25000, 32.53125),  126(1.26000, 32.63150),  127(1.27000, 32.73175),
  128(1.28000, 32.83200),  129(1.29000, 32.93225),  130(1.30000, 33.03250),  131(1.31000, 33.13275),
  132(1.32000, 33.23300),  133(1.33000, 33.33325),  134(1.34000, 33.43350),  135(1.35000, 33.53375),
  136(1.36000, 33.63400),  137(1.37000, 33.73425),  138(1.38000, 33.83450),  139(1.39000, 33.93475),
  140(1.40000, 34.03500),  141(1.41000, 34.13525),  142(1.42000, 34.23550),  143(1.43000, 34.33575),
  144(1.44000, 34.43600),  145(1.45000, 34.53625),  146(1.46000, 34.63650),  147(1.47000, 34.73675),
  148(1.48000, 34.83700),  149(1.49000, 34.93725),  150(1.50000, 35.03750),  151(1.51000, 35.13775),
  152(1.52000, 35.23800),  153(1.53000, 35.33825),  154(1.54000, 35.43850),  155(1.55000, 35.53875),
  156(1.56000, 35.63900),  157(1.57000, 35.73925),  158(1.58000, 35.83950),  159(1.59000, 35.93975),
  160(1.60000, 36.04000),  161(1.61000, 36.14025),  162(1.62000, 36.24050),  163(1.63000, 36.34075),
  164(1.64000, 36.44100),  165(1.65000, 36.54125),  166(1.66000, 36.64150),  167(1.67000, 36.74175),
  168(1.68000, 36.84200),  169(1.69000, 36.94225),  170(1.70000, 37.04250),  171(1.71000, 37.14275),
  172(1.72000, 37.24300),  173(1.73000, 37.34325),  174(1.74000, 37.44350),  175(1.75000, 37.54375),
  176(1.76000, 37.64400),  177(1.77000, 37.74425),  178(1.78000, 37.84450),  179(1.79000, 37.94475),
  180(1.80000, 38.04500),  181(1.81000, 38.14525),  182(1.82000, 38.24550),  183(1.83000, 38.34575),
  184(1.84000, 38.44600),  185(1.85000, 38.54625),  186(1.86000, 38.64650),  187(1.87000, 38.74675),
  188(1.88000, 38.84700),  189(1.89000, 38.94725),  190(1.90000, 39.04750),  191(1.91000, 39.14775),
  192(1.92000, 39.24800),  193(1.93000, 39.34825),  194(1.94000, 39.44850),  195(1.95000, 39.54875),
  196(1.96000, 39.64900),  197(1.97000, 39.74925),  198(1.98000, 39.84950),  199(1.99000, 39.94975),
  200(2.00000, 40.05000)
]