Resultado do metodo de Euler Modificado:
[
  0(0.00000, 0.00000),  1(1.00000, 0.99749),  2(2.00000, 1.99499),  3(3.00000, 2.99248),
  4(4.00000, 3.98997),  5(5.00000, 4.98747),  6(6.00000, 5.98496),  7(7.00000, 6.98246),
  8(8.00000, 7.97995),  9(9.00000, 8.97744),  10(10.00000, 9.97494),  11(11.00000, 10.97243),
  12(12.00000, 11.96992),  13(13.00000, 12.96742),  14(14.00000, 13.96491),  15(15.00000, 14.96241),
  16(16.00000, 15.95990),  17(17.00000, 16.95739),  18(18.00000, 17.95489),  19(19.00000, 18.95238),
  20(20.00000, 19.94987),  21(21.00000, 20.94737),  22(22.00000, 21.94486),  23(23.00000, 22.94236),
  24(24.00000, 23.93985),  25(25.00000, 24.93734),  26(26.00000, 25.93484),  27(27.00000, 26.93233),
  28(28.00000, 27.92982),  29(29.00000, 28.92732),  30(30.00000, 29.92481),  31(31.00000, 30.92231),
  32(32.00000, 31.91980),  33(33.00000, 32.91729),  34(34.00000, 33.91479),  35(35.00000, 34.91228),
  36(36.00000, 35.90977),  37(37.00000, 36.90727),  38(38.00000, 37.90476),  39(39.00000, 38.90226),
  40(40.00000, 39.89975),  41(41.00000, 40.89724),  42(42.00000, 41.89474),  43(43.00000, 42.89223),
  44(44.00000, 43.88972),  45(45.00000, 44.88722),  46(46.00000, 45.88471),  47(47.00000, 46.88221),
  48(48.00000, 47.87970),  49(49.00000, 48.87719),  50(50.00000, 49.87469)
]