Resultado do metodo de Euler Modificado:
[
  0(0.00000, 10000.00000),  1(0.50000, 10382.03125),  2(1.00000, 10764.06250),  3(1.50000, 11146.09375),
  4(2.00000, 11528.12500),  5(2.50000, 11910.15625),  6(3.00000, 12292.18750),  7(3.50000, 12674.21875),
  8(4.00000, 13056.25000),  9(4.50000, 13438.28125),  10(5.00000, 13820.31250),  11(5.50000, 14202.34375),
  12(6.00000, 14584.37500),  13(6.50000, 14966.40625),  14(7.00000, 15348.43750),  15(7.50000, 15730.46875),
  16(8.00000, 16112.50000),  17(8.50000, 16494.53125),  18(9.00000, 16876.56250),  19(9.50000, 17258.59375),
  20(10.00000, 17640.62500),  21(10.50000, 18022.65625),  22(11.00000, 18404.68750),  23(11.50000, 18786.71875),
  24(12.00000, 19168.75000),  25(12.50000, 19550.78125),  26(13.00000, 19932.81250),  27(13.50000, 20314.84375),
  28(14.00000, 20696.87500),  29(14.50000, 21078.90625),  30(15.00000, 21460.93750),  31(15.50000, 21842.96875),
  32(16.00000, 22225.00000),  33(16.50000, 22607.03125),  34(17.00000, 22989.06250),  35(17.50000, 23371.09375),
  36(18.00000, 23753.12500),  37(18.50000, 24135.15625),  38(19.00000, 24517.18750),  39(19.50000, 24899.21875),
  40(20.00000, 25281.25000)
]