Resultado do metodo de Euler Modificado:
[
  0(0.00000, 5.00000),  1(0.01000, 4.99500),  2(0.02000, 4.99000),  3(0.03000, 4.98501),
  4(0.04000, 4.98001),  5(0.05000, 4.97501),  6(0.06000, 4.97002),  7(0.07000, 4.96502),
  8(0.08000, 4.96002),  9(0.09000, 4.95502),  10(0.10000, 4.95002),  11(0.11000, 4.94503),
  12(0.12000, 4.94003),  13(0.13000, 4.93503),  14(0.14000, 4.93004),  15(0.15000, 4.92504),
  16(0.16000, 4.92004),  17(0.17000, 4.91504),  18(0.18000, 4.91004),  19(0.19000, 4.90505),
  20(0.20000, 4.90005),  21(0.21000, 4.89505),  22(0.22000, 4.89006),  23(0.23000, 4.88506),
  24(0.24000, 4.88006),  25(0.25000, 4.87506),  26(0.26000, 4.87006),  27(0.27000, 4.86507),
  28(0.28000, 4.86007),  29(0.29000, 4.85507),  30(0.30000, 4.85008),  31(0.31000, 4.84508),
  32(0.32000, 4.84008),  33(0.33000, 4.83508),  34(0.34000, 4.83008),  35(0.35000, 4.82509),
  36(0.36000, 4.82009),  37(0.37000, 4.81509),  38(0.38000, 4.81010),  39(0.39000, 4.80510),
  40(0.40000, 4.80010),  41(0.41000, 4.79510),  42(0.42000, 4.79010),  43(0.43000, 4.78511),
  44(0.44000, 4.78011),  45(0.45000, 4.77511),  46(0.46000, 4.77012),  47(0.47000, 4.76512),
  48(0.48000, 4.76012),  49(0.49000, 4.75512),  50(0.50000, 4.75012),  51(0.51000, 4.74513),
  52(0.52000, 4.74013),  53(0.53000, 4.73513),  54(0.54000, 4.73014),  55(0.55000, 4.72514),
  56(0.56000, 4.72014),  57(0.57000, 4.71514),  58(0.58000, 4.71014),  59(0.59000, 4.70515),
  60(0.60000, 4.70015),  61(0.61000, 4.69515),  62(0.62000, 4.69016),  63(0.63000, 4.68516),
  64(0.64000, 4.68016),  65(0.65000, 4.67516),  66(0.66000, 4.67016),  67(0.67000, 4.66517),
  68(0.68000, 4.66017),  69(0.69000, 4.65517),  70(0.70000, 4.65018),  71(0.71000, 4.64518),
  72(0.72000, 4.64018),  73(0.73000, 4.63518),  74(0.74000, 4.63018),  75(0.75000, 4.62519),
  76(0.76000, 4.62019),  77(0.77000, 4.61519),  78(0.78000, 4.61020),  79(0.79000, 4.60520),
  80(0.80000, 4.60020),  81(0.81000, 4.59520),  82(0.82000, 4.59020),  83(0.83000, 4.58521),
  84(0.84000, 4.58021),  85(0.85000, 4.57521),  86(0.86000, 4.57022),  87(0.87000, 4.56522),
  88(0.88000, 4.56022),  89(0.89000, 4.55522),  90(0.90000, 4.55022),  91(0.91000, 4.54523),
  92(0.92000, 4.54023),  93(0.93000, 4.53523),  94(0.94000, 4.53024),  95(0.95000, 4.52524),
  96(0.96000, 4.52024),  97(0.97000, 4.51524),  98(0.98000, 4.51024),  99(0.99000, 4.50525),
  100(1.00000, 4.50025),  101(1.01000, 4.49525),  102(1.02000, 4.49026),  103(1.03000, 4.48526),
  104(1.04000, 4.48026),  105(1.05000, 4.47526),  106(1.06000, 4.47026),  107(1.07000, 4.46527),
  108(1.08000, 4.46027),  109(1.09000, 4.45527),  110(1.10000, 4.45028),  111(1.11000, 4.44528),
  112(1.12000, 4.44028),  113(1.13000, 4.43528),  114(1.14000, 4.43028),  115(1.15000, 4.42529),
  116(1.16000, 4.42029),  117(1.17000, 4.41529),  118(1.18000, 4.41030),  119(1.19000, 4.40530),
  120(1.20000, 4.40030),  121(1.21000, 4.39530),  122(1.22000, 4.39030),  123(1.23000, 4.38531),
  124(1.24000, 4.38031),  125(1.25000, 4.37531),  126(1.26000, 4.37032),  127(1.27000, 4.36532),
  128(1.28000, 4.36032),  129(1.29000, 4.35532),  130(1.30000, 4.35032),  131(1.31000, 4.34533),
  132(1.32000, 4.34033),  133(1.33000, 4.33533),  134(1.34000, 4.33034),  135(1.35000, 4.32534),
  136(1.36000, 4.32034),  137(1.37000, 4.31534),  138(1.38000, 4.31034),  139(1.39000, 4.30535),
  140(1.40000, 4.30035),  141(1.41000, 4.29535),  142(1.42000, 4.29036),  143(1.43000, 4.28536),
  144(1.44000, 4.28036),  145(1.45000, 4.27536),  146(1.46000, 4.27036),  147(1.47000, 4.26537),
  148(1.48000, 4.26037),  149(1.49000, 4.25537),  150(1.50000, 4.25038),  151(1.51000, 4.24538),
  152(1.52000, 4.24038),  153(1.53000, 4.23538),  154(1.54000, 4.23038),  155(1.55000, 4.22539),
  156(1.56000, 4.22039),  157(1.57000, 4.21539),  158(1.58000, 4.21040),  159(1.59000, 4.20540),
  160(1.60000, 4.20040),  161(1.61000, 4.19540),  162(1.62000, 4.19040),  163(1.63000, 4.18541),
  164(1.64000, 4.18041),  165(1.65000, 4.17541),  166(1.66000, 4.17042),  167(1.67000, 4.16542),
  168(1.68000, 4.16042),  169(1.69000, 4.15542),  170(1.70000, 4.15042),  171(1.71000, 4.14543),
  172(1.72000, 4.14043),  173(1.73000, 4.13543),  174(1.74000, 4.13044),  175(1.75000, 4.12544),
  176(1.76000, 4.12044),  177(1.77000, 4.11544),  178(1.78000, 4.11044),  179(1.79000, 4.10545),
  180(1.80000, 4.10045),  181(1.81000, 4.09545),  182(1.82000, 4.09046),  183(1.83000, 4.08546),
  184(1.84000, 4.08046),  185(1.85000, 4.07546),  186(1.86000, 4.07046),  187(1.87000, 4.06547),
  188(1.88000, 4.06047),  189(1.89000, 4.05547),  190(1.90000, 4.05048),  191(1.91000, 4.04548),
  192(1.92000, 4.04048),  193(1.93000, 4.03548),  194(1.94000, 4.03048),  195(1.95000, 4.02549),
  196(1.96000, 4.02049),  197(1.97000, 4.01549),  198(1.98000, 4.01050),  199(1.99000, 4.00550),
  200(2.00000, 4.00050)
]